38 6971
38 15159
38 18482
63 14315
70 3163
70 6560
70 13870
105 6970
105 13779
105 16875
117 7361
121 1197
121 1368
124 114
124 236
124 284
124 312
124 445
124 482
124 489
124 612
124 685
124 816
124 817
124 832
124 924
124 984
124 1069
124 1123
124 1201
124 1248
124 1285
124 1299
124 1375
124 1554
124 1560
124 1582
124 1835
124 1892
124 1970
124 1990
124 2010
124 2139
124 2208
124 2338
124 2382
124 2400
124 2563
124 2600
124 2730
124 2750
124 2762
124 2811
124 2850
124 2978
124 2985
124 3048
124 3096
124 3229
124 3306
124 3462
124 3724
124 3743
124 3915
124 3957
124 3976
124 4072
124 4125
124 4168
124 4175
124 4211
124 4370
124 4403
124 4587
124 4622
124 4789
124 4861
124 4885
124 4967
124 5296
124 5429
124 5516
124 5599
124 5881
124 5907
124 6100
124 6192
124 6272
124 6348
124 6510
124 6575
124 6624
124 6654
124 6760
124 6927
124 6964
124 7085
124 7236
124 7313
124 7408
124 7456
124 7775
124 8181
124 8187
124 8358
124 8611
124 8631
124 8729
124 8754
124 8803
124 8876
124 8948
124 9279
124 9363
124 9431
124 9468
124 9517
124 9656
124 9658
124 9693
124 9860
124 9864
124 10112
124 10125
124 10153
124 10244
124 10308
124 10449
124 10473
124 11091
124 11151
124 11280
124 11321
124 11424
124 11586
124 11645
124 12074
124 12095
124 12119
124 12444
124 12534
124 12543
124 12610
124 12699
124 12766
124 12888
124 13129
124 13239
124 13247
124 13322
124 13468
124 13476
124 13516
124 13581
124 13603
124 13626
124 13695
124 13771
124 13966
124 14242
124 14257
124 14394
124 14436
124 14448
124 14495
124 14636
124 14702
124 14756
124 14759
124 14863
124 14930
124 15028
124 15132
124 15157
124 15195
124 15368
124 15409
124 15436
124 15466
124 15705
124 15726
124 15777
124 15930
124 16022
124 16025
124 16030
124 16037
124 16178
124 16208
124 16241
124 16245
124 16562
124 16615
124 16644
124 16716
124 16726
124 16797
124 16815
124 17019
124 17106
124 17151
124 17212
124 17350
124 17422
124 17736
124 17880
124 18005
124 18021
124 18059
124 18164
124 18319
124 18360
124 18600
124 18634
124 18766
125 57
125 972
125 1361
125 1740
125 1745
125 2070
125 3163
125 3400
125 3500
125 4455
125 5874
125 6112
125 7436
125 8016
125 8173
125 8342
125 9672
125 10042
125 13083
125 13915
125 14284
125 14470
125 14753
125 14843
125 15047
125 15060
125 15212
125 15879
125 17616
159 2275
161 13553
174 13687
175 402
175 1110
175 1330
175 1785
175 2948
175 3223
175 3269
175 3365
175 3555
175 3777
175 4022
175 4032
175 5309
175 5616
175 5902
175 6633
175 6696
175 7214
175 7336
175 7587
175 7752
175 8008
175 9190
175 9273
175 9931
175 10094
175 10363
175 10515
175 10642
175 10736
175 10838
175 10908
175 10962
175 11158
175 11261
175 12352
175 12380
175 13048
175 13269
175 13525
175 14470
175 14740
175 15308
175 15334
175 15667
175 15785
175 15786
175 15960
175 16356
175 16426
175 16746
175 16807
175 17042
175 17162
175 17356
175 17370
175 17737
175 17740
175 17914
175 18192
175 18758
467222.562000
